186
734
11
346
343
70
342
-49
77
-25
90
82
-64
39
-69
73
692
623
744
55
29
774
840
209
6
68
87
2
-16
57
-51
32
22
49
-26
61
-39
-42
-30
13
31
56
-97
-9
95
63
8
-76
16
-77
-8
35
94
-79
-96
-32
-1
-44
30
-26
3
67
92
76
2
19
50
75
-7
85
74
-50
-12
3
55
-32
81
-97
-15
-80
-53
51
-1
-32
9
96
-90
54
-7
-10
-42
-7
48
-45
-34
-15
-90
0
-95
-89
3
61
-40
76
-84
10
-63
54
-86
11
54
83
-50
55
60
51
-14
57
8
787
503
269
942
124
945
532
358
984
289
374
716
351
943
131
62
895
254
360
156
900
659
990
628
616
528
945
433
268
899
736
86
547
490
325
547
564
760
280
588
546
205
951
250
557
182
546
84
844
475
585
37
238
356
985
244
908
-2
88
929
39
826
324
579
373
762
783
485
497
44
633
549
240
4
207
63
141
297
89
215
720
504
401
436
887
554
563
431
46
865
510
328
342
879
366
738
373
489
696
962
548
747
261
153
719
417
421
679
577
307
99
443
533
497
863
642
954
947
388
286
58
52
616
929
167
885
287
702
484
263
191
857
859
996
261
991
808
196
192
695
523
17
268
932
330
926
390
374
401
13
783
996
565
588
373
289
369
329
621
479
942
940
951
73
934
5
560
963
50
754
570
760
228
880
422
585
696
338
713
459
275
6
668
712
676
235
780
817
287
329
715
38
246
715
908
137
773
777
976
663
91
944
962
768
166
757
17
196
411
202
181
315
539
505
176
575
206
705
806
668
986
478
638
912
803
866
145
573
77
257
63
307
-24
353
654
931
188
370
227
263
332
638
863
992
327
766
694
932
367
625
359
507
25
374
84
984
966
513
507
277
169
541
765
594
460
69
571
276
49
306
774
548
271
742
608
136
717
994
226
114
194
412
888
558
977
827
523
921
265
825
286
527
827
942
406
66
74
930
-4
381
494
330
503
68
626
819
983
834
778
648
642
374
740
259
731
257
466
686
292
965
755
554
410
620
923
89
604
150
310
792
739
806
980
357
459
560
504
819
157
588
241
384
98
127
932
15
715
551
734
427
840
104
131
777
613
588
21
738
272
62
737
546
379
677
606
949
556
804
19
197
230
72
547
534
94
650
346
17
847
827
708
470
35
-25
638
146
788
462
249
863
30
587
420
90
93
680
485
750
612
722
924
341
847
235
63
343
335
814
451
415
123
309
828
593
192
237
144
479
134
423
592
671
463
673
555
131
249
688
3
225
336
876
259
939
477
281
434
353
-22
45
383
57
975
380
150
895
294
241
934
250
44
-23
709
947
111
943
173
422
249
504
-16
448
729
491
25
985
6
265
637
430
835
907
-10
819
967
265
992
315
943
780
266
15
-13
736
99
843
446
329
-14
882
512
44
102
13
79
167
615
787
667
36
364
321
640
369
-16
506
665
813
988
954
34
52
732
263
613
682
166
495
607
990
89
639
370
553
411
151
203
977
499
557
921
474
450
222
213
823
41
912
902
647
622
754
336
725
-14
991
191
829
259
849
4
501
390
730
793
660
352
429
541
200
913
285
521
221
122
544
180
265
979
285
147
868
388
852
404
8
359
796
211
503
973
74
450
986
920
382
200
136
984
868
789
211
602
123
523
315
3
733
980
448
583
433
362
446
781
14
315
479
727
878
874
-17
34
-24
426
835
827
924
283
971
760
981
777
99
858
601
211
776
618
79
677
861
152
716
807
915
124
96
324
645
936
765
803
446
459
842
801
180
654
379
597
652
755
526
959
20
48
416
568
382
6
471
394
161
506
945
540
479
812
207
375
879
871
461
103
136
270
475
755
249
646
326
-23
682
104
832
259
827
352
431
-22
130
117
915
579
953
642
241
722
613
381
183
75
565
626
705
100
3
368
140
290
925
189
354
104
916
870
925
160
91
137
714
887
195
878
631
253
497
463
749
126
258
15
595
493
853
912
784
736
287
554
832
758
417
742
372
314
54
68
189
-21
219
290
165
700
939
998
57
703
302
103
558
27
422
470
528
499
198
480
897
461
465
980
626
953
428
326
715
846
276
33
503
474
389
823
623
431
711
360
58
665
501
715
853
275
798
-3
781
662
367
349
266
8
977
646
190
767
673
528
286
792
485
323
680
240
699
24
990
30
632
404
270
134
760
876
423
820
830
708
135
228
353
884
37
52
93
976
639
142
9
707
386
450
784
450
458
628
490
295
940
178
195
565
125
792
396
45
791
387
643
127
552
246
328
327
32
129
674
696
359
648
-14
733
282
702
382
753
773
602
503
371
526
596
717
535
282
574
193
72
147
696
863
792
477
832
646
988
526
724
472
532
780
649
118
107
864
228
433
764
387
9
76
965
-9
941
-22
862
762
988
949
540
816
109
813
35
61
688
233
505
560
422
218
329
11
820
888
129
618
898
131
10
728
-20
281
719
922
89
485
141
438
109
703
16
689
522
250
711
506
404
825
482
765
269
508
990
254
639
326
307
128
679
303
376
751
245
834
60
305
176
815
252
-102
